HIEROBJ  EWORLD                                             NONE                
ROOT                                                                            
1.0000000000000E+00 0.000000000000E+00  0.000000000000E+00  0.000000000000E+00  
0.000000000000E+00  1.0000000000000E+00 0.000000000000E+00  0.000000000000E+00  
0.000000000000E+00  0.000000000000E+00  1.0000000000000E+00 0.000000000000E+00  
0.000000000000E+00  0.000000000000E+00  0.000000000000E+00  1.0000000000000E+00 
HIEROBJ  EHIEROBJECT1                                       NONE                
BODYNCBF  WORLD                                   BODY1                         
1.0000000000000E+00 0.000000000000E+00  0.000000000000E+00  0.000000000000E+00  
0.000000000000E+00  1.0000000000000E+00 0.000000000000E+00  0.000000000000E+00  
0.000000000000E+00  0.000000000000E+00  1.0000000000000E+00 0.000000000000E+00  
0.000000000000E+00  0.000000000000E+00  0.000000000000E+00  1.0000000000000E+00 
HIEROBJ  EHIEROBJECT2                                       NONE                
CGTRIAD   HIEROBJECT1                                                           
-1.832394934485E-01 9.7895028764290E-01 8.9886719623151E-02 0.000000000000E+00  
8.0191905099149E-01 2.0173678611484E-01 -5.623416264025E-01 0.000000000000E+00  
-5.686379548514E-01 -3.096132187008E-02 -8.220050321321E-01 0.000000000000E+00  
1.2668430107000E+02 9.7174504270000E+01 -2.155178132000E+02 1.0000000000000E+00 
HIEROBJ  EHIEROBJECT3                                       NONE                
BODYNCBF  WORLD                                   BODY2                         
1.0000000000000E+00 0.000000000000E+00  0.000000000000E+00  0.000000000000E+00  
0.000000000000E+00  1.0000000000000E+00 0.000000000000E+00  0.000000000000E+00  
0.000000000000E+00  0.000000000000E+00  1.0000000000000E+00 0.000000000000E+00  
0.000000000000E+00  0.000000000000E+00  0.000000000000E+00  1.0000000000000E+00 
HIEROBJ  EHIEROBJECT4                                       NONE                
CGTRIAD   HIEROBJECT3                                                           
-1.308358362990E-01 9.8085192499791E-01 1.4426186317882E-01 0.000000000000E+00  
7.9215922831822E-01 1.5932801728429E-02 6.1010646842937E-01 0.000000000000E+00  
5.9612560834963E-01 1.9410215623989E-01 -7.790754854395E-01 0.000000000000E+00  
7.2481118950000E+01 6.9115665660000E+01 3.5654761300000E+00 1.0000000000000E+00 
HIEROBJ  EHIEROBJECT5                                       NONE                
BODYNCBF  WORLD                                   BODY3                         
1.0000000000000E+00 0.000000000000E+00  0.000000000000E+00  0.000000000000E+00  
0.000000000000E+00  1.0000000000000E+00 0.000000000000E+00  0.000000000000E+00  
0.000000000000E+00  0.000000000000E+00  1.0000000000000E+00 0.000000000000E+00  
0.000000000000E+00  0.000000000000E+00  0.000000000000E+00  1.0000000000000E+00 
HIEROBJ  EHIEROBJECT6                                       NONE                
CGTRIAD   HIEROBJECT5                                                           
0.000000000000E+00  1.0000000000000E+00 0.000000000000E+00  0.000000000000E+00  
1.0000000000000E+00 0.000000000000E+00  0.000000000000E+00  0.000000000000E+00  
0.000000000000E+00  0.000000000000E+00  -1.000000000000E+00 0.000000000000E+00  
5.5000000000000E+01 9.4920273490000E+01 3.0737631630000E+01 1.0000000000000E+00 
HIEROBJ  EHIEROBJECT7                                       NONE                
BODYNCBF  WORLD                                   BODY4                         
1.0000000000000E+00 0.000000000000E+00  0.000000000000E+00  0.000000000000E+00  
0.000000000000E+00  1.0000000000000E+00 0.000000000000E+00  0.000000000000E+00  
0.000000000000E+00  0.000000000000E+00  1.0000000000000E+00 0.000000000000E+00  
0.000000000000E+00  0.000000000000E+00  0.000000000000E+00  1.0000000000000E+00 
HIEROBJ  EHIEROBJECT8                                       NONE                
CGTRIAD   HIEROBJECT7                                                           
-1.555909656017E-02 -1.969502366629E-02 9.9968496065361E-01 0.000000000000E+00  
9.9941167339337E-01 3.0256477814155E-02 1.6150932955661E-02 0.000000000000E+00  
-3.056503883996E-02 9.9934811331841E-01 1.9212673099970E-02 0.000000000000E+00  
-4.550002158000E+01 8.0635765500000E+00 3.0322461980000E+01 1.0000000000000E+00 
HIEROBJ  EHIEROBJECT9                                       NONE                
BODYNCBF  WORLD                                   BODY5                         
1.0000000000000E+00 0.000000000000E+00  0.000000000000E+00  0.000000000000E+00  
0.000000000000E+00  1.0000000000000E+00 0.000000000000E+00  0.000000000000E+00  
0.000000000000E+00  0.000000000000E+00  1.0000000000000E+00 0.000000000000E+00  
0.000000000000E+00  0.000000000000E+00  0.000000000000E+00  1.0000000000000E+00 
HIEROBJ  EHIEROBJECT10                                      NONE                
CGTRIAD   HIEROBJECT9                                                           
1.0000000000000E+00 0.000000000000E+00  0.000000000000E+00  0.000000000000E+00  
0.000000000000E+00  1.0000000000000E+00 0.000000000000E+00  0.000000000000E+00  
0.000000000000E+00  0.000000000000E+00  1.0000000000000E+00 0.000000000000E+00  
-7.407103829000E+01 8.2884000000000E+00 -8.874051695000E+01 1.0000000000000E+00 
HIEROBJ  EHIEROBJECT11                                      NONE                
BODYNCBF  WORLD                                   BODY6                         
1.0000000000000E+00 0.000000000000E+00  0.000000000000E+00  0.000000000000E+00  
0.000000000000E+00  1.0000000000000E+00 0.000000000000E+00  0.000000000000E+00  
0.000000000000E+00  0.000000000000E+00  1.0000000000000E+00 0.000000000000E+00  
0.000000000000E+00  0.000000000000E+00  0.000000000000E+00  1.0000000000000E+00 
HIEROBJ  EHIEROBJECT12                                      NONE                
CGTRIAD   HIEROBJECT11                                                          
1.1813170479970E-02 -2.474814911783E-12 9.9993022206713E-01 0.000000000000E+00  
9.9993022206702E-01 4.4929137017896E-07 -1.181317047997E-02 0.000000000000E+00  
-4.492599903205E-07 9.9999999999990E-01 5.3100301933279E-09 0.000000000000E+00  
-7.533381206000E+01 8.2984900800000E+00 -3.273505277700E+02 1.0000000000000E+00 
HIEROBJ  EHIEROBJECT13                                      NONE                
BODYNCBF  WORLD                                   BODY7                         
1.0000000000000E+00 0.000000000000E+00  0.000000000000E+00  0.000000000000E+00  
0.000000000000E+00  1.0000000000000E+00 0.000000000000E+00  0.000000000000E+00  
0.000000000000E+00  0.000000000000E+00  1.0000000000000E+00 0.000000000000E+00  
0.000000000000E+00  0.000000000000E+00  0.000000000000E+00  1.0000000000000E+00 
HIEROBJ  EHIEROBJECT14                                      NONE                
CGTRIAD   HIEROBJECT13                                                          
-1.672351235178E-02 9.9941526567342E-01 -2.982366297998E-02 0.000000000000E+00  
6.8330850004669E-02 3.0900481805328E-02 9.9718406282985E-01 0.000000000000E+00  
9.9752254063367E-01 1.4638543750055E-02 -6.880765920025E-02 0.000000000000E+00  
5.5060441100000E+01 7.6109897300000E+00 2.9295356510000E+01 1.0000000000000E+00 
HIEROBJ  EHIEROBJECT15                                      NONE                
BODYNCBF  WORLD                                   BODY8                         
1.0000000000000E+00 0.000000000000E+00  0.000000000000E+00  0.000000000000E+00  
0.000000000000E+00  1.0000000000000E+00 0.000000000000E+00  0.000000000000E+00  
0.000000000000E+00  0.000000000000E+00  1.0000000000000E+00 0.000000000000E+00  
0.000000000000E+00  0.000000000000E+00  0.000000000000E+00  1.0000000000000E+00 
HIEROBJ  EHIEROBJECT16                                      NONE                
CGTRIAD   HIEROBJECT15                                                          
1.0000000000000E+00 0.000000000000E+00  0.000000000000E+00  0.000000000000E+00  
0.000000000000E+00  1.0000000000000E+00 0.000000000000E+00  0.000000000000E+00  
0.000000000000E+00  0.000000000000E+00  1.0000000000000E+00 0.000000000000E+00  
0.000000000000E+00  0.000000000000E+00  0.000000000000E+00  1.0000000000000E+00 
HIEROBJ  EHIEROBJECT17                                      NONE                
JFCTRIAD  HIEROBJECT1                                                           
4.4408920985006E-16 4.4408920985006E-16 -1.000000000000E+00 0.000000000000E+00  
-1.000000000000E+00 0.000000000000E+00  -4.440892098501E-16 0.000000000000E+00  
0.000000000000E+00  1.0000000000000E+00 4.4408920985006E-16 0.000000000000E+00  
1.7080016255226E+02 1.1663840000000E+02 -1.323267351333E+02 1.0000000000000E+00 
HIEROBJ  EHIEROBJECT18                                      NONE                
JFCTRIAD  HIEROBJECT1                                                           
-1.832394934485E-01 9.7895028764290E-01 8.9886719623151E-02 0.000000000000E+00  
8.0191905099149E-01 2.0173678611484E-01 -5.623416264025E-01 0.000000000000E+00  
-5.686379548514E-01 -3.096132187008E-02 -8.220050321321E-01 0.000000000000E+00  
0.000000000000E+00  0.000000000000E+00  0.000000000000E+00  1.0000000000000E+00 
HIEROBJ  EHIEROBJECT19                                      NONE                
JFCTRIAD  HIEROBJECT1                                                           
-1.832394934485E-01 9.7895028764290E-01 8.9886719623151E-02 0.000000000000E+00  
8.0191905099149E-01 2.0173678611484E-01 -5.623416264025E-01 0.000000000000E+00  
-5.686379548514E-01 -3.096132187008E-02 -8.220050321321E-01 0.000000000000E+00  
1.2668430107000E+02 9.7174504270000E+01 -2.155178132000E+02 1.0000000000000E+00 
HIEROBJ  EHIEROBJECT20                                      NONE                
JFCTRIAD  HIEROBJECT3                                                           
0.000000000000E+00  -4.440892098501E-16 1.0000000000000E+00 0.000000000000E+00  
-1.000000000000E+00 8.8817841970013E-16 0.000000000000E+00  0.000000000000E+00  
-8.881784197001E-16 -1.000000000000E+00 -4.440892098501E-16 0.000000000000E+00  
5.5000000000000E+01 8.3438400000000E+01 3.0737631633301E+01 1.0000000000000E+00 
HIEROBJ  EHIEROBJECT21                                      NONE                
JFCTRIAD  HIEROBJECT3                                                           
4.4408920985006E-16 4.4408920985006E-16 -1.000000000000E+00 0.000000000000E+00  
-1.000000000000E+00 0.000000000000E+00  -4.440892098501E-16 0.000000000000E+00  
0.000000000000E+00  1.0000000000000E+00 4.4408920985006E-16 0.000000000000E+00  
5.5000049560994E+01 2.8438400000000E+01 3.0737631633301E+01 1.0000000000000E+00 
HIEROBJ  EHIEROBJECT22                                      NONE                
JFCTRIAD  HIEROBJECT3                                                           
4.4408920985006E-16 4.4408920985006E-16 -1.000000000000E+00 0.000000000000E+00  
-1.000000000000E+00 0.000000000000E+00  -4.440892098501E-16 0.000000000000E+00  
0.000000000000E+00  1.0000000000000E+00 4.4408920985006E-16 0.000000000000E+00  
1.7080016255226E+02 1.1663840000000E+02 -1.323267351333E+02 1.0000000000000E+00 
HIEROBJ  EHIEROBJECT23                                      NONE                
JFCTRIAD  HIEROBJECT3                                                           
4.4408920985006E-16 4.4408920985006E-16 -1.000000000000E+00 0.000000000000E+00  
-1.000000000000E+00 0.000000000000E+00  -4.440892098501E-16 0.000000000000E+00  
0.000000000000E+00  1.0000000000000E+00 4.4408920985006E-16 0.000000000000E+00  
5.5000000000000E+01 8.3438400000000E+01 3.0737631633301E+01 1.0000000000000E+00 
HIEROBJ  EHIEROBJECT24                                      NONE                
JFCTRIAD  HIEROBJECT3                                                           
-1.308358362990E-01 9.8085192499791E-01 1.4426186317882E-01 0.000000000000E+00  
7.9215922831822E-01 1.5932801728429E-02 6.1010646842937E-01 0.000000000000E+00  
5.9612560834963E-01 1.9410215623989E-01 -7.790754854395E-01 0.000000000000E+00  
0.000000000000E+00  0.000000000000E+00  0.000000000000E+00  1.0000000000000E+00 
HIEROBJ  EHIEROBJECT25                                      NONE                
JFCTRIAD  HIEROBJECT3                                                           
-1.308358362990E-01 9.8085192499791E-01 1.4426186317882E-01 0.000000000000E+00  
7.9215922831822E-01 1.5932801728429E-02 6.1010646842937E-01 0.000000000000E+00  
5.9612560834963E-01 1.9410215623989E-01 -7.790754854395E-01 0.000000000000E+00  
7.2481118950000E+01 6.9115665660000E+01 3.5654761300000E+00 1.0000000000000E+00 
HIEROBJ  EHIEROBJECT26                                      NONE                
JFCTRIAD  HIEROBJECT5                                                           
0.000000000000E+00  -4.440892098501E-16 1.0000000000000E+00 0.000000000000E+00  
-1.000000000000E+00 8.8817841970013E-16 0.000000000000E+00  0.000000000000E+00  
-8.881784197001E-16 -1.000000000000E+00 -4.440892098501E-16 0.000000000000E+00  
5.5000000000000E+01 1.0643840000000E+02 3.0737631633301E+01 1.0000000000000E+00 
HIEROBJ  EHIEROBJECT27                                      NONE                
JFCTRIAD  HIEROBJECT5                                                           
4.4408920985006E-16 4.4408920985006E-16 -1.000000000000E+00 0.000000000000E+00  
-1.000000000000E+00 0.000000000000E+00  -4.440892098501E-16 0.000000000000E+00  
0.000000000000E+00  1.0000000000000E+00 4.4408920985006E-16 0.000000000000E+00  
5.5000000000000E+01 8.3438400000000E+01 3.0737631633301E+01 1.0000000000000E+00 
HIEROBJ  EHIEROBJECT28                                      NONE                
JFCTRIAD  HIEROBJECT5                                                           
2.2204460492503E-16 1.0000000000000E+00 1.2246467991474E-16 0.000000000000E+00  
1.0000000000000E+00 -2.220446049250E-16 0.000000000000E+00  0.000000000000E+00  
0.000000000000E+00  1.2246467991474E-16 -1.000000000000E+00 0.000000000000E+00  
0.000000000000E+00  0.000000000000E+00  0.000000000000E+00  1.0000000000000E+00 
HIEROBJ  EHIEROBJECT29                                      NONE                
JFCTRIAD  HIEROBJECT5                                                           
2.2204460492503E-16 1.0000000000000E+00 1.2490009027033E-16 0.000000000000E+00  
1.0000000000000E+00 -2.220446049250E-16 0.000000000000E+00  0.000000000000E+00  
0.000000000000E+00  1.2490009027033E-16 -1.000000000000E+00 0.000000000000E+00  
5.5000000000000E+01 9.4920273490000E+01 3.0737631630000E+01 1.0000000000000E+00 
HIEROBJ  EHIEROBJECT30                                      NONE                
JFCTRIAD  HIEROBJECT7                                                           
1.0000000000000E+00 0.000000000000E+00  0.000000000000E+00  0.000000000000E+00  
0.000000000000E+00  1.0000000000000E+00 0.000000000000E+00  0.000000000000E+00  
0.000000000000E+00  0.000000000000E+00  1.0000000000000E+00 0.000000000000E+00  
-7.407103829172E+01 -2.721160000000E+01 5.9737631633301E+01 1.0000000000000E+00 
HIEROBJ  EHIEROBJECT31                                      NONE                
JFCTRIAD  HIEROBJECT7                                                           
2.2204460492503E-16 0.000000000000E+00  -1.000000000000E+00 0.000000000000E+00  
0.000000000000E+00  1.0000000000000E+00 0.000000000000E+00  0.000000000000E+00  
1.0000000000000E+00 0.000000000000E+00  2.2204460492503E-16 0.000000000000E+00  
-5.671038291720E+00 8.2884000000000E+00 3.0737631633301E+01 1.0000000000000E+00 
HIEROBJ  EHIEROBJECT32                                      NONE                
JFCTRIAD  HIEROBJECT7                                                           
-1.555909656017E-02 -1.969502366629E-02 9.9968496065361E-01 0.000000000000E+00  
9.9941167339337E-01 3.0256477814155E-02 1.6150932955661E-02 0.000000000000E+00  
-3.056503883996E-02 9.9934811331841E-01 1.9212673099970E-02 0.000000000000E+00  
0.000000000000E+00  0.000000000000E+00  0.000000000000E+00  1.0000000000000E+00 
HIEROBJ  EHIEROBJECT33                                      NONE                
JFCTRIAD  HIEROBJECT7                                                           
-1.555909656017E-02 -1.969502366629E-02 9.9968496065361E-01 0.000000000000E+00  
9.9941167339337E-01 3.0256477814155E-02 1.6150932955661E-02 0.000000000000E+00  
-3.056503883996E-02 9.9934811331841E-01 1.9212673099970E-02 0.000000000000E+00  
-4.550002158000E+01 8.0635765500000E+00 3.0322461980000E+01 1.0000000000000E+00 
HIEROBJ  EHIEROBJECT34                                      NONE                
JFCTRIAD  HIEROBJECT9                                                           
1.0000000000000E+00 0.000000000000E+00  0.000000000000E+00  0.000000000000E+00  
0.000000000000E+00  1.0000000000000E+00 0.000000000000E+00  0.000000000000E+00  
0.000000000000E+00  0.000000000000E+00  1.0000000000000E+00 0.000000000000E+00  
-7.407103829172E+01 4.7788400000000E+01 -8.874051695351E+01 1.0000000000000E+00 
HIEROBJ  EHIEROBJECT35                                      NONE                
JFCTRIAD  HIEROBJECT9                                                           
1.0000000000000E+00 0.000000000000E+00  0.000000000000E+00  0.000000000000E+00  
0.000000000000E+00  1.0000000000000E+00 0.000000000000E+00  0.000000000000E+00  
0.000000000000E+00  0.000000000000E+00  1.0000000000000E+00 0.000000000000E+00  
-7.407103829172E+01 -2.721160000000E+01 5.9737631633301E+01 1.0000000000000E+00 
HIEROBJ  EHIEROBJECT36                                      NONE                
JFCTRIAD  HIEROBJECT9                                                           
1.0000000000000E+00 0.000000000000E+00  0.000000000000E+00  0.000000000000E+00  
0.000000000000E+00  1.0000000000000E+00 0.000000000000E+00  0.000000000000E+00  
0.000000000000E+00  0.000000000000E+00  1.0000000000000E+00 0.000000000000E+00  
0.000000000000E+00  0.000000000000E+00  0.000000000000E+00  1.0000000000000E+00 
HIEROBJ  EHIEROBJECT37                                      NONE                
JFCTRIAD  HIEROBJECT9                                                           
1.0000000000000E+00 0.000000000000E+00  0.000000000000E+00  0.000000000000E+00  
0.000000000000E+00  1.0000000000000E+00 0.000000000000E+00  0.000000000000E+00  
0.000000000000E+00  0.000000000000E+00  1.0000000000000E+00 0.000000000000E+00  
-7.407103829000E+01 8.2884000000000E+00 -8.874051695000E+01 1.0000000000000E+00 
HIEROBJ  EHIEROBJECT38                                      NONE                
JFCTRIAD  HIEROBJECT11                                                          
1.0000000000000E+00 0.000000000000E+00  0.000000000000E+00  0.000000000000E+00  
0.000000000000E+00  1.0000000000000E+00 0.000000000000E+00  0.000000000000E+00  
0.000000000000E+00  0.000000000000E+00  1.0000000000000E+00 0.000000000000E+00  
-6.406997945372E+01 -5.257927144000E+00 -3.272405169535E+02 1.0000000000000E+00 
HIEROBJ  EHIEROBJECT39                                      NONE                
JFCTRIAD  HIEROBJECT11                                                          
1.1813170479971E-02 -2.474815567444E-12 9.9993022206713E-01 0.000000000000E+00  
9.9993022206702E-01 4.4929137012350E-07 -1.181317047997E-02 0.000000000000E+00  
-4.492599902650E-07 9.9999999999990E-01 5.3100301933284E-09 0.000000000000E+00  
0.000000000000E+00  0.000000000000E+00  0.000000000000E+00  1.0000000000000E+00 
HIEROBJ  EHIEROBJECT40                                      NONE                
JFCTRIAD  HIEROBJECT11                                                          
1.1813170479971E-02 -2.474815567444E-12 9.9993022206713E-01 0.000000000000E+00  
9.9993022206702E-01 4.4929137012350E-07 -1.181317047997E-02 0.000000000000E+00  
-4.492599902650E-07 9.9999999999990E-01 5.3100301933284E-09 0.000000000000E+00  
-7.533381206000E+01 8.2984900800000E+00 -3.273505277700E+02 1.0000000000000E+00 
HIEROBJ  EHIEROBJECT41                                      NONE                
JFCTRIAD  HIEROBJECT13                                                          
2.2204460492503E-16 0.000000000000E+00  -1.000000000000E+00 0.000000000000E+00  
0.000000000000E+00  1.0000000000000E+00 0.000000000000E+00  0.000000000000E+00  
1.0000000000000E+00 0.000000000000E+00  2.2204460492503E-16 0.000000000000E+00  
-5.671038291720E+00 8.2884000000000E+00 3.0737631633301E+01 1.0000000000000E+00 
HIEROBJ  EHIEROBJECT42                                      NONE                
JFCTRIAD  HIEROBJECT13                                                          
4.4408920985006E-16 4.4408920985006E-16 -1.000000000000E+00 0.000000000000E+00  
-1.000000000000E+00 0.000000000000E+00  -4.440892098501E-16 0.000000000000E+00  
0.000000000000E+00  1.0000000000000E+00 4.4408920985006E-16 0.000000000000E+00  
5.5000049560994E+01 2.8438400000000E+01 3.0737631633301E+01 1.0000000000000E+00 
HIEROBJ  EHIEROBJECT43                                      NONE                
JFCTRIAD  HIEROBJECT13                                                          
-1.672351235178E-02 9.9941526567342E-01 -2.982366297998E-02 0.000000000000E+00  
6.8330850004669E-02 3.0900481805327E-02 9.9718406282985E-01 0.000000000000E+00  
9.9752254063367E-01 1.4638543750055E-02 -6.880765920025E-02 0.000000000000E+00  
0.000000000000E+00  0.000000000000E+00  0.000000000000E+00  1.0000000000000E+00 
HIEROBJ  EHIEROBJECT44                                      NONE                
JFCTRIAD  HIEROBJECT13                                                          
-1.672351235178E-02 9.9941526567342E-01 -2.982366297998E-02 0.000000000000E+00  
6.8330850004669E-02 3.0900481805327E-02 9.9718406282985E-01 0.000000000000E+00  
9.9752254063367E-01 1.4638543750055E-02 -6.880765920025E-02 0.000000000000E+00  
5.5060441100000E+01 7.6109897300000E+00 2.9295356510000E+01 1.0000000000000E+00 
HIEROBJ  EHIEROBJECT45                                      NONE                
JFCTRIAD  HIEROBJECT15                                                          
1.0000000000000E+00 0.000000000000E+00  0.000000000000E+00  0.000000000000E+00  
0.000000000000E+00  1.0000000000000E+00 0.000000000000E+00  0.000000000000E+00  
0.000000000000E+00  0.000000000000E+00  1.0000000000000E+00 0.000000000000E+00  
-7.407103829172E+01 4.7788400000000E+01 -8.874051695351E+01 1.0000000000000E+00 
HIEROBJ  EHIEROBJECT46                                      NONE                
JFCTRIAD  HIEROBJECT15                                                          
1.0000000000000E+00 0.000000000000E+00  0.000000000000E+00  0.000000000000E+00  
0.000000000000E+00  1.0000000000000E+00 0.000000000000E+00  0.000000000000E+00  
0.000000000000E+00  0.000000000000E+00  1.0000000000000E+00 0.000000000000E+00  
-6.406997945372E+01 -5.257927144000E+00 -3.272405169535E+02 1.0000000000000E+00 
HIEROBJ  EHIEROBJECT47                                      NONE                
JFCTRIAD  HIEROBJECT15                                                          
1.0000000000000E+00 0.000000000000E+00  0.000000000000E+00  0.000000000000E+00  
0.000000000000E+00  1.0000000000000E+00 0.000000000000E+00  0.000000000000E+00  
0.000000000000E+00  0.000000000000E+00  1.0000000000000E+00 0.000000000000E+00  
0.000000000000E+00  0.000000000000E+00  0.000000000000E+00  1.0000000000000E+00 
NAMEMAP   WORLD               5    5    UTF8 UTF8 ELEMENT                       
WORLD                                                                           
WORLD                                                                           
NAMEMAP   HIEROBJECT1         14   14   UTF8 UTF8 ELEMENT                       
L001/L001_NCBF                                                                  
L001/L001_NCBF                                                                  
NAMEMAP   HIEROBJECT2         12   12   UTF8 UTF8 ELEMENT                       
L001/L001_cm                                                                    
L001/L001_cm                                                                    
NAMEMAP   HIEROBJECT3         14   14   UTF8 UTF8 ELEMENT                       
L002/L002_NCBF                                                                  
L002/L002_NCBF                                                                  
NAMEMAP   HIEROBJECT4         12   12   UTF8 UTF8 ELEMENT                       
L002/L002_cm                                                                    
L002/L002_cm                                                                    
NAMEMAP   HIEROBJECT5         14   14   UTF8 UTF8 ELEMENT                       
L003/L003_NCBF                                                                  
L003/L003_NCBF                                                                  
NAMEMAP   HIEROBJECT6         12   12   UTF8 UTF8 ELEMENT                       
L003/L003_cm                                                                    
L003/L003_cm                                                                    
NAMEMAP   HIEROBJECT7         14   14   UTF8 UTF8 ELEMENT                       
L004/L004_NCBF                                                                  
L004/L004_NCBF                                                                  
NAMEMAP   HIEROBJECT8         12   12   UTF8 UTF8 ELEMENT                       
L004/L004_cm                                                                    
L004/L004_cm                                                                    
NAMEMAP   HIEROBJECT9         14   14   UTF8 UTF8 ELEMENT                       
L005/L005_NCBF                                                                  
L005/L005_NCBF                                                                  
NAMEMAP   HIEROBJECT10        12   12   UTF8 UTF8 ELEMENT                       
L005/L005_cm                                                                    
L005/L005_cm                                                                    
NAMEMAP   HIEROBJECT11        14   14   UTF8 UTF8 ELEMENT                       
L006/L006_NCBF                                                                  
L006/L006_NCBF                                                                  
NAMEMAP   HIEROBJECT12        12   12   UTF8 UTF8 ELEMENT                       
L006/L006_cm                                                                    
L006/L006_cm                                                                    
NAMEMAP   HIEROBJECT13        14   14   UTF8 UTF8 ELEMENT                       
L007/L007_NCBF                                                                  
L007/L007_NCBF                                                                  
NAMEMAP   HIEROBJECT14        12   12   UTF8 UTF8 ELEMENT                       
L007/L007_cm                                                                    
L007/L007_cm                                                                    
NAMEMAP   HIEROBJECT15        26   26   UTF8 UTF8 ELEMENT                       
the_ground/the_ground_NCBF                                                      
the_ground/the_ground_NCBF                                                      
NAMEMAP   HIEROBJECT16        13   13   UTF8 UTF8 ELEMENT                       
the_ground_cm                                                                   
the_ground_cm                                                                   
NAMEMAP   HIEROBJECT17        5    11   UTF8 UTF8 ELEMENT                       
3/205                                                                           
L001/J006_i                                                                     
NAMEMAP   HIEROBJECT18        13   13   UTF8 UTF8 ELEMENT                       
L001/L001_coi                                                                   
L001/L001_coi                                                                   
NAMEMAP   HIEROBJECT19        13   13   UTF8 UTF8 ELEMENT                       
L001/L001_com                                                                   
L001/L001_com                                                                   
NAMEMAP   HIEROBJECT20        6    11   UTF8 UTF8 ELEMENT                       
15/252                                                                          
L002/D001_j                                                                     
NAMEMAP   HIEROBJECT21        6    11   UTF8 UTF8 ELEMENT                       
15/182                                                                          
L002/J005_i                                                                     
NAMEMAP   HIEROBJECT22        6    11   UTF8 UTF8 ELEMENT                       
15/206                                                                          
L002/J006_j                                                                     
NAMEMAP   HIEROBJECT23        6    11   UTF8 UTF8 ELEMENT                       
15/229                                                                          
L002/J007_j                                                                     
NAMEMAP   HIEROBJECT24        13   13   UTF8 UTF8 ELEMENT                       
L002/L002_coi                                                                   
L002/L002_coi                                                                   
NAMEMAP   HIEROBJECT25        13   13   UTF8 UTF8 ELEMENT                       
L002/L002_com                                                                   
L002/L002_com                                                                   
NAMEMAP   HIEROBJECT26        6    11   UTF8 UTF8 ELEMENT                       
27/251                                                                          
L003/D001_i                                                                     
NAMEMAP   HIEROBJECT27        6    11   UTF8 UTF8 ELEMENT                       
27/228                                                                          
L003/J007_i                                                                     
NAMEMAP   HIEROBJECT28        13   13   UTF8 UTF8 ELEMENT                       
L003/L003_coi                                                                   
L003/L003_coi                                                                   
NAMEMAP   HIEROBJECT29        13   13   UTF8 UTF8 ELEMENT                       
L003/L003_com                                                                   
L003/L003_com                                                                   
NAMEMAP   HIEROBJECT30        6    11   UTF8 UTF8 ELEMENT                       
67/111                                                                          
L004/J002_i                                                                     
NAMEMAP   HIEROBJECT31        6    11   UTF8 UTF8 ELEMENT                       
67/169                                                                          
L004/J004_j                                                                     
NAMEMAP   HIEROBJECT32        13   13   UTF8 UTF8 ELEMENT                       
L004/L004_coi                                                                   
L004/L004_coi                                                                   
NAMEMAP   HIEROBJECT33        13   13   UTF8 UTF8 ELEMENT                       
L004/L004_com                                                                   
L004/L004_com                                                                   
NAMEMAP   HIEROBJECT34        5    11   UTF8 UTF8 ELEMENT                       
79/48                                                                           
L005/J001_i                                                                     
NAMEMAP   HIEROBJECT35        6    11   UTF8 UTF8 ELEMENT                       
79/112                                                                          
L005/J002_j                                                                     
NAMEMAP   HIEROBJECT36        13   13   UTF8 UTF8 ELEMENT                       
L005/L005_coi                                                                   
L005/L005_coi                                                                   
NAMEMAP   HIEROBJECT37        13   13   UTF8 UTF8 ELEMENT                       
L005/L005_com                                                                   
L005/L005_com                                                                   
NAMEMAP   HIEROBJECT38        7    11   UTF8 UTF8 ELEMENT                       
142/128                                                                         
L006/J003_i                                                                     
NAMEMAP   HIEROBJECT39        13   13   UTF8 UTF8 ELEMENT                       
L006/L006_coi                                                                   
L006/L006_coi                                                                   
NAMEMAP   HIEROBJECT40        13   13   UTF8 UTF8 ELEMENT                       
L006/L006_com                                                                   
L006/L006_com                                                                   
NAMEMAP   HIEROBJECT41        7    11   UTF8 UTF8 ELEMENT                       
103/168                                                                         
L007/J004_i                                                                     
NAMEMAP   HIEROBJECT42        7    11   UTF8 UTF8 ELEMENT                       
103/183                                                                         
L007/J005_j                                                                     
NAMEMAP   HIEROBJECT43        13   13   UTF8 UTF8 ELEMENT                       
L007/L007_coi                                                                   
L007/L007_coi                                                                   
NAMEMAP   HIEROBJECT44        13   13   UTF8 UTF8 ELEMENT                       
L007/L007_com                                                                   
L007/L007_com                                                                   
NAMEMAP   HIEROBJECT45        4    17   UTF8 UTF8 ELEMENT                       
2/49                                                                            
the_ground/J001_j                                                               
NAMEMAP   HIEROBJECT46        5    17   UTF8 UTF8 ELEMENT                       
2/129                                                                           
the_ground/J003_j                                                               
NAMEMAP   HIEROBJECT47        1    14   UTF8 UTF8 ELEMENT                       
1                                                                               
the_ground/gnd                                                                  
NAMEMAP   CURRENT_DIRECTORY   67   0    UTF8 UTF8 FILE                          
C:\Users\Sazewar\Desktop\Псина2\Robodog\2023.000.000 - Robodog             
SYSTEM   GMILLIMETER          DYNAMIC             SPARSE    FULL_NCBF      TRUE 
9.8066500000000E+03 -0.000000000000E+00 -0.000000000000E+00 -1.000000000000E+00 
1.0000000000000E+00 0.000000000000E+00  1.0000000000000E+00 2.0000000000000E-02 
1.0000000000000E-09 1.0000000000000E-03 NULL_FALSEBINARY_ONLFALSEKILOGNEWTO    1
NONE                NONE                    1NONE                TRUE ITERAFALSE
NONE                NONE                                                        
NONE                                                                            
HEADER                                                                          
SET_IASIZE =    5000000;                                                        
SET_DASIZE =    5000000;                                                        
SDK_BUILD_INFO = R12.0.2P9_rc2 2018-06-20                                       
END                                                                             
DYNAMIC  ETRUE      INTERPOLATED        GLOBAL    BDF           1     BANDED    
1.0000000000000E-02 1.0000000000000E-03 1.0000000000000E-03 1.0000000000000E-03 
NONE                QR       1TRUE                                              
PRELOAD  F          0.000000000000E+00      0                                   
NONE                                                                            
NONE                                                                            
NCBF     EBODY1_REF           BODY1               PARAMETERSPOSITIVE            
HIEROBJECT1                                                                     
0.000000000000E+00  0.000000000000E+00  0.000000000000E+00                      
BODY     EBODY1               POSITIVE  PARAMETERSFALSEFALSEFALSEFALSE          
NONE                NONE                NONE                                    
NONE                NONE                NONE                                    
HIEROBJECT2                                                                     
0.000000000000E+00  0.000000000000E+00  0.000000000000E+00                      
1.6755876241900E+00 1.2428680180000E+04 1.2241971800000E+04 6.8433592000000E+02 
0.000000000000E+00  0.000000000000E+00  0.000000000000E+00                      
0.000000000000E+00  0.000000000000E+00  0.000000000000E+00  FALSE               
0.000000000000E+00  0.000000000000E+00  0.000000000000E+00                      
NCBF     EBODY2_REF           BODY2               PARAMETERSPOSITIVE            
HIEROBJECT3                                                                     
0.000000000000E+00  0.000000000000E+00  0.000000000000E+00                      
BODY     EBODY2               POSITIVE  PARAMETERSFALSEFALSEFALSEFALSE          
NONE                NONE                NONE                                    
NONE                NONE                NONE                                    
HIEROBJECT4                                                                     
0.000000000000E+00  0.000000000000E+00  0.000000000000E+00                      
3.0949607251500E+00 1.6011082700000E+04 1.5196750470000E+04 2.7060921700000E+03 
0.000000000000E+00  0.000000000000E+00  0.000000000000E+00                      
0.000000000000E+00  0.000000000000E+00  0.000000000000E+00  FALSE               
0.000000000000E+00  0.000000000000E+00  0.000000000000E+00                      
NCBF     EBODY3_REF           BODY3               PARAMETERSPOSITIVE            
HIEROBJECT5                                                                     
0.000000000000E+00  0.000000000000E+00  0.000000000000E+00                      
BODY     EBODY3               POSITIVE  PARAMETERSFALSEFALSEFALSEFALSE          
NONE                NONE                NONE                                    
NONE                NONE                NONE                                    
HIEROBJECT6                                                                     
0.000000000000E+00  0.000000000000E+00  0.000000000000E+00                      
2.0637356840000E-01 4.2778100000000E+01 3.1201880000000E+01 3.1201880000000E+01 
0.000000000000E+00  0.000000000000E+00  0.000000000000E+00                      
0.000000000000E+00  0.000000000000E+00  0.000000000000E+00  FALSE               
0.000000000000E+00  0.000000000000E+00  0.000000000000E+00                      
NCBF     EBODY4_REF           BODY4               PARAMETERSPOSITIVE            
HIEROBJECT7                                                                     
0.000000000000E+00  0.000000000000E+00  0.000000000000E+00                      
BODY     EBODY4               POSITIVE  PARAMETERSFALSEFALSEFALSEFALSE          
NONE                NONE                NONE                                    
